Level:
ice_sheet
30 27 128 128 15 9			// Dimensão do level | dimensão do tile | divesão do tile sheet
1,0,0;1,0,0;1,0,0;1,0,0;1,0,0;1,0,0;1,18,0;0,2,0;0,0,0;1,20,0;1,0,0;1,0,0;1,0,0;1,0,0;1,0,0;1,0,0;1,0,0;1,0,0;1,0,0;1,0,0;1,0,0;1,0,0;1,0,0;1,0,0;1,0,0;1,0,0;1,0,0;
1,0,0;1,0,0;1,0,0;1,0,0;1,0,0;1,0,0;1,18,0;0,2,0;0,0,0;1,20,0;1,0,0;1,0,0;1,0,0;1,0,0;1,0,0;1,0,0;1,0,0;1,0,0;1,0,0;1,0,0;1,0,0;1,0,0;1,0,0;1,0,0;1,0,0;1,0,0;1,0,0;
1,0,0;1,0,0;1,0,0;1,0,0;1,0,0;1,0,0;1,18,0;0,2,0;0,0,0;1,20,0;1,0,0;1,0,0;1,0,0;1,0,0;1,0,0;1,0,0;1,0,0;1,0,0;1,0,0;1,0,0;1,0,0;1,0,0;1,0,0;1,0,0;1,0,0;1,0,0;1,0,0;
1,0,0;1,0,0;1,0,0;1,0,0;1,0,0;1,0,0;1,18,0;0,2,0;0,0,0;1,20,0;1,0,0;1,0,0;1,0,0;1,0,0;1,0,0;1,0,0;1,0,0;1,0,0;1,0,0;1,0,0;1,0,0;1,0,0;1,0,0;1,0,0;1,0,0;1,0,0;1,0,0;
1,0,0;1,0,0;1,0,0;1,0,0;1,0,0;1,0,0;1,18,0;0,2,0;0,0,0;1,20,0;1,0,0;1,0,0;1,0,0;1,0,0;1,0,0;1,0,0;1,0,0;1,0,0;1,0,0;1,0,0;1,0,0;1,0,0;1,0,0;1,0,0;1,0,0;1,0,0;1,0,0;
1,0,0;1,0,0;1,0,0;1,0,0;1,0,0;1,0,0;1,18,0;0,2,0;0,0,0;1,20,0;1,0,0;1,0,0;1,0,0;1,0,0;1,0,0;1,0,0;1,0,0;1,0,0;1,0,0;1,0,0;1,0,0;1,0,0;1,0,0;1,0,0;1,0,0;1,0,0;1,0,0;
1,0,0;1,0,0;1,0,0;1,0,0;1,0,0;1,9,0;2,21,0;0,0,0;0,6,0;3,39,0;1,11,0;1,0,0;1,0,0;1,0,0;1,0,0;1,0,0;1,0,0;1,0,0;1,0,0;1,0,0;1,0,0;1,0,0;1,0,0;1,0,0;1,0,0;1,0,0;1,0,0;
1,0,0;1,0,0;1,0,0;1,0,0;1,0,0;1,18,0;0,0,0;0,0,0;0,0,0;0,0,0;1,20,0;1,0,0;1,0,0;1,0,0;1,0,0;1,0,0;1,0,0;1,0,0;1,0,0;1,0,0;1,0,0;1,0,0;1,0,0;1,0,0;1,0,0;1,0,0;1,0,0;
1,0,0;1,0,0;1,0,0;1,0,0;1,0,0;1,18,0;0,0,0;0,3,0;0,8,0;0,0,0;1,20,0;1,0,0;1,0,0;1,0,0;1,0,0;1,0,0;1,0,0;1,0,0;1,0,0;1,0,0;1,0,0;1,0,0;1,0,0;1,0,0;1,0,0;1,0,0;1,0,0;
1,0,0;1,0,0;1,0,0;1,0,0;1,0,0;1,27,0;4,12,0;0,0,0;0,0,0;5,30,0;1,29,0;1,0,0;1,0,0;1,0,0;1,0,0;1,0,0;1,0,0;1,0,0;1,0,0;1,0,0;1,0,0;1,0,0;1,0,0;1,0,0;1,0,0;1,0,0;1,0,0;
1,0,0;1,0,0;1,0,0;1,0,0;1,0,0;1,0,0;1,18,0;0,0,0;0,0,0;1,20,0;1,0,0;1,0,0;1,0,0;1,0,0;1,0,0;1,0,0;1,0,0;1,0,0;1,0,0;1,0,0;1,0,0;1,0,0;1,0,0;1,0,0;1,0,0;1,0,0;1,0,0;
1,0,0;1,0,0;1,0,0;1,0,0;1,0,0;1,0,0;1,18,0;0,7,0;0,0,0;3,39,0;1,11,0;1,0,0;1,0,0;1,0,0;1,0,0;1,0,0;1,0,0;1,0,0;1,0,0;1,0,0;1,0,0;1,0,0;1,0,0;1,0,0;1,0,0;1,0,0;1,0,0;
1,0,0;1,0,0;1,0,0;1,0,0;1,0,0;1,0,0;1,18,0;0,0,0;0,4,0;0,0,0;3,39,0;1,10,0;1,11,0;1,0,0;1,0,0;1,0,0;1,0,0;1,0,0;1,0,0;1,0,0;1,0,0;1,0,0;1,0,0;1,0,0;1,0,0;1,0,0;1,0,0;
1,0,0;1,0,0;1,0,0;1,0,0;1,0,0;1,0,0;1,27,0;4,12,0;0,1,0;0,0,0;0,0,0;0,0,0;3,39,0;1,11,0;1,0,0;1,0,0;1,0,0;1,0,0;1,0,0;1,0,0;1,0,0;1,0,0;1,0,0;1,0,0;1,0,0;1,0,0;1,0,0;
1,0,0;1,0,0;1,0,0;1,0,0;1,0,0;1,0,0;1,0,0;1,27,0;1,28,0;4,12,0;0,0,0;0,0,0;0,0,0;3,39,0;1,11,0;1,0,0;1,0,0;1,0,0;1,0,0;1,0,0;1,0,0;1,0,0;1,0,0;1,0,0;1,0,0;1,0,0;1,0,0;
1,0,0;1,0,0;1,0,0;1,0,0;1,0,0;1,0,0;1,0,0;1,0,0;1,0,0;1,27,0;4,12,0;0,0,0;0,0,0;0,0,0;3,39,0;1,11,0;1,0,0;1,0,0;1,0,0;1,0,0;1,0,0;1,0,0;1,0,0;1,0,0;1,0,0;1,0,0;1,0,0;
1,0,0;1,0,0;1,0,0;1,0,0;1,0,0;1,0,0;1,0,0;1,0,0;1,0,0;1,0,0;1,18,0;0,0,0;0,0,0;0,0,0;0,0,0;3,39,0;1,11,0;1,0,0;1,0,0;1,0,0;1,0,0;1,0,0;1,0,0;1,0,0;1,0,0;1,0,0;1,0,0;
1,0,0;1,0,0;1,0,0;1,0,0;1,0,0;1,0,0;1,0,0;1,0,0;1,0,0;1,0,0;1,27,0;4,12,0;0,0,0;0,0,0;0,0,0;0,0,0;3,39,0;1,11,0;1,0,0;1,0,0;1,0,0;1,0,0;1,0,0;1,0,0;1,0,0;1,0,0;1,0,0;
1,0,0;1,0,0;1,0,0;1,0,0;1,0,0;1,0,0;1,0,0;1,0,0;1,0,0;1,0,0;1,0,0;1,27,0;4,12,0;0,0,0;0,0,0;0,0,0;0,0,0;3,39,0;1,11,0;1,0,0;1,0,0;1,0,0;1,0,0;1,0,0;1,0,0;1,0,0;1,0,0;
1,0,0;1,0,0;1,0,0;1,0,0;1,0,0;1,0,0;1,0,0;1,0,0;1,0,0;1,0,0;1,0,0;1,0,0;1,27,0;4,12,0;0,0,0;0,0,0;0,0,0;0,0,0;3,39,0;1,10,0;1,11,0;1,0,0;1,0,0;1,0,0;1,0,0;1,0,0;1,0,0;
1,0,0;1,0,0;1,0,0;1,0,0;1,0,0;1,0,0;1,0,0;1,0,0;1,0,0;1,0,0;1,0,0;1,0,0;1,0,0;1,27,0;4,12,0;0,0,0;0,0,0;0,0,0;0,0,0;0,0,0;3,39,0;1,11,0;1,0,0;1,0,0;1,0,0;1,0,0;1,0,0;
1,0,0;1,0,0;1,0,0;1,0,0;1,0,0;1,0,0;1,0,0;1,0,0;1,0,0;1,0,0;1,0,0;1,0,0;1,0,0;1,0,0;1,27,0;4,12,0;0,0,0;0,0,0;0,0,0;0,0,0;5,62,0;1,29,0;1,0,0;1,0,0;1,0,0;1,0,0;1,0,0;
1,0,0;1,0,0;1,0,0;1,0,0;1,0,0;1,0,0;1,0,0;1,0,0;1,0,0;1,0,0;1,0,0;1,0,0;1,0,0;1,0,0;1,0,0;1,27,0;4,12,0;0,0,0;0,0,0;5,70,0;1,71,0;1,0,0;1,0,0;1,0,0;1,0,0;1,0,0;1,0,0;
1,0,0;1,0,0;1,0,0;1,0,0;1,0,0;1,0,0;1,0,0;1,0,0;1,0,0;1,0,0;1,0,0;1,0,0;1,0,0;1,0,0;1,0,0;1,0,0;1,27,0;4,12,0;5,78,0;1,79,0;1,80,0;1,0,0;1,0,0;1,0,0;1,0,0;1,0,0;1,0,0;
1,0,0;1,0,0;1,0,0;1,0,0;1,0,0;1,0,0;1,0,0;1,0,0;1,0,0;1,0,0;1,0,0;1,0,0;1,0,0;1,0,0;1,0,0;1,0,0;1,0,0;1,27,0;1,29,0;1,0,0;1,0,0;1,0,0;1,0,0;1,0,0;1,0,0;1,0,0;1,0,0;
1,0,0;1,0,0;1,0,0;1,0,0;1,0,0;1,0,0;1,0,0;1,0,0;1,0,0;1,0,0;1,0,0;1,0,0;1,0,0;1,0,0;1,0,0;1,0,0;1,0,0;1,0,0;1,0,0;1,0,0;1,0,0;1,0,0;1,0,0;1,0,0;1,0,0;1,0,0;1,0,0;
1,0,0;1,0,0;1,0,0;1,0,0;1,0,0;1,0,0;1,0,0;1,0,0;1,0,0;1,0,0;1,0,0;1,0,0;1,0,0;1,0,0;1,0,0;1,0,0;1,0,0;1,0,0;1,0,0;1,0,0;1,0,0;1,0,0;1,0,0;1,0,0;1,0,0;1,0,0;1,0,0;
1,0,0;1,0,0;1,0,0;1,0,0;1,0,0;1,0,0;1,0,0;1,0,0;1,0,0;1,0,0;1,0,0;1,0,0;1,0,0;1,0,0;1,0,0;1,0,0;1,0,0;1,0,0;1,0,0;1,0,0;1,0,0;1,0,0;1,0,0;1,0,0;1,0,0;1,0,0;1,0,0;
1,0,0;1,0,0;1,0,0;1,0,0;1,0,0;1,0,0;1,0,0;1,0,0;1,0,0;1,0,0;1,0,0;1,0,0;1,0,0;1,0,0;1,0,0;1,0,0;1,0,0;1,0,0;1,0,0;1,0,0;1,0,0;1,0,0;1,0,0;1,0,0;1,0,0;1,0,0;1,0,0;
1,0,0;1,0,0;1,0,0;1,0,0;1,0,0;1,0,0;1,0,0;1,0,0;1,0,0;1,0,0;1,0,0;1,0,0;1,0,0;1,0,0;1,0,0;1,0,0;1,0,0;1,0,0;1,0,0;1,0,0;1,0,0;1,0,0;1,0,0;1,0,0;1,0,0;1,0,0;1,0,0;

StartPortals: // pode ter vários portais -> se existir mais de um -> random nos starts
1
9,7	// start -> onde o player começa

EndPortals: // pode ter vários
2
1,3	// final -> onde termina o jogo
3,1	// final -> onde termina o jogo

Enemies:
1
0,19,20

Items:
0
I,X,Y
I,X,Y
I,X,Y
I,X,Y

Dialogs: // 1 = player 1; 2 = player 2; 3 = nave mãe
4
2:We've lost contact with Galaga 7/13! We'll stablish the ship's condition. In the mean time, go looking for resources that might help us repair the ship, or a good place to stablish our communication link.
2:The Exploration Mech's propellers are malfunctioning... You can use the Sonic Cannons to move! Turn your cannons (Q/E keys for Player 1, I/P keys for Player 2) and shoot (W for Player 1, O for Player 2).
0:Yes, sir!
1:. . .

Events:
1
0,2,19,20,4
0:The sensors are detecting the existence of life inside that cave...
2:Retreat imediately! We are under attack! I repeat: We are...